965.7631495502;8.4043588303;53.8393943105;0.5612016239;932831.529643119
21.9206384616;4.8458237201;0.5208817618;0.8485880862;496.7046950054
30.5948831374;3.7755919131;0.148904728;0.8856582267;948.3661612799
41.1423448008;7.6857353887;0.5248686827;0.2340633406;1716.8123025473
53.5605404293;8.4692760301;0.9796660596;0.0803330699;2896.0991697115
18.617579178;7.7652605507;0.773396845;0.2587508978;371.4741536864
64.7622779245;9.0461298916;0.4653640336;0.0182889244;4222.2217658239
38.5367827723;1.7225558055;0.1863372058;0.478563058;1490.733570022
82.2096369928;1.6875959048;0.7463125212;0.6022616888;6765.1982790835
63.8759963214;6.7033980065;0.169039116;0.2052614752;4100.5998264407
3.455018485;4.4656185387;0.5107071716;0.744892363;26.7687371179
13.5968236718;5.7875745022;0.1587164947;0.4537007441;202.6471622004
50.4674012074;6.7983743153;0.0988757084;0.8429553111;2568.1504408314
67.6708476385;7.7559162257;0.2098634155;0.3616788876;4603.0784074229
67.5371079706;6.0444146465;0.5682600257;0.107083994;4580.5319449488
59.5500097843;1.8246084615;0.5895504043;0.7005087312;3553.2003398804
14.7410913603;2.181422112;0.8788896478;0.8292322182;226.1720218183
41.6032719193;7.6013608789;0.30751678;0.8635969576;1754.8954209446
19.9743073201;2.9770022747;0.7707143323;0.8899396285;410.1502139549
68.7222686363;0.6756541086;0.9745526977;0.7173118044;4727.0953571543
86.4009526791;5.8602654748;0.9180144472;0.8754353186;7485.2123714205
18.3014981914;9.5567156491;0.2789711116;0.3206533892;364.2058943528
89.1433954472;3.157838569;0.1769408383;0.3814382481;7956.4278466449
8.7593822507;1.3917662855;0.4663731288;0.9672087708;82.7396393757
21.9028608641;8.2062433916;0.8605438666;0.8971895801;506.7973239221
76.4040192822;8.881505488;0.28545033;0.518728646;5864.9291587956
13.120628288;2.2882995429;0.542006644;0.2553928678;180.1164567206
14.8515111301;5.1622308954;0.0636865336;0.3613552409;236.2286335048
78.3876358531;9.2774783005;0.7010700358;0.2863861059;6173.8795181476
99.0348765394;5.5050137895;0.5601126899;0.4500298048;9825.6331810245
49.2280481383;0.6021672254;0.5089695444;0.3837674379;2426.2816845623
75.0277685001;5.5124504096;0.3263536063;0.1459973031;5646.3592165169
11.8100793334;2.7086645295;0.0731151139;0.9628765923;148.6429107344
78.8525749929;2.5288052647;0.7996200114;0.6854999335;6227.2363622145
51.4590200037;4.2026720615;0.228086754;0.6362435448;2661.3524845391
32.6448323671;5.2218510653;0.7779725376;0.8454617825;1083.5109193841
78.3754606033;7.1543148998;0.2964996605;0.5133649763;6164.9040628492
97.8593402775;2.9100362747;0.6873435136;0.3046085087;9586.5835389087
11.0930438619;3.1338909385;0.65065181;0.8603718381;134.3954799488
0.0533687649;3.5914748511;0.7189576295;0.5710808022;12.4014364942
82.0825417992;7.3665434821;0.1954811167;0.0985344488;6760.0352175671
83.9283013018;9.2739876988;0.4330580882;0.9215438336;7073.4304533602
32.6866372721;7.891344605;0.1704313727;0.8924342983;1093.1419221794
78.7176842103;5.7913010847;0.8410270917;0.0620294209;6215.530003534
78.4960280871;6.0914711095;0.2805461222;0.3874581074;6180.5200977018
4.3587453663;0.4787251609;0.1949305441;0.9290686371;21.6266405516
80.1620667567;3.4323783149;0.3081585998;0.6730063965;6437.1752287661
1.3862222899;0.3181545949;0.2603984608;0.0628312004;3.3971209856
11.5762894275;7.2182810819;0.1395939805;0.9834052224;156.8955453723
19.969926076;9.7804655577;0.653225384;0.973728878;430.3690339402
24.940429721;6.479389146;0.2778187415;0.6990876037;642.3605001153
12.6451511867;9.274414056;0.0707410094;0.6984048935;188.2052332548
2.4929913227;5.9258435993;0.8962661524;0.6920997524;26.1165860495
53.8324079942;0.1470053499;0.9216177491;0.875306197;2900.8830274188
82.4892912526;8.711395571;0.4567656384;0.4726061705;6831.6364490447
22.3583630519;8.0923543405;0.8521491594;0.7003081955;526.2212129477
27.3196410621;9.1650064057;0.0020007289;0.1938540374;773.8690933505
45.1521095587;2.020765862;0.3134015503;0.6333343571;2045.6561365557
39.7602431709;1.9386801589;0.547547179;0.271797318;1587.8081505394
1.3689490501;6.5902141179;0.1586585136;0.2719674087;21.9820972977
9.7748923348;1.1976217036;0.4406439497;0.8286456559;100.5916657094
46.5500653023;7.4890048872;0.4096492212;0.9300805568;2190.9994587902
78.264249349;8.7356493296;0.8734546343;0.7097034899;6153.604046197
94.3905947031;9.6124615544;0.3689101264;0.3597685797;8939.2061394109
72.595406347;1.1679912987;0.5956874897;0.9557362162;5275.6613713259
63.2150154328;2.3730728612;0.2763755887;0.2927296748;4003.8352301297
66.805812926;3.2610749057;0.0236975946;0.425104979;4472.924083139
53.3427736722;3.8928434323;0.6805510998;0.5914816565;2858.6980657221
55.2504599327;7.6832934399;0.9152532669;0.7507811796;3077.9169042451
18.5268379981;1.0863422719;0.2766866006;0.8591013772;347.6901904421
70.7155755954;3.0956826173;0.3698763747;0.5643849073;5010.8992060952
80.5426154519;2.0453550736;0.5364445047;0.7146943118;6494.6869153041
1.4093714533;1.804223042;0.1113919322;0.2663197916;7.6406699431
16.4945975412;9.1910958057;0.4545159333;0.1741094387;300.5593452992
43.3513335185;4.8037755326;0.5753900155;0.0442839288;1894.9003113059
42.13593842;6.6034430522;0.582995597;0.9830622473;1797.3636694263
9.8796231905;8.2282479084;0.4232040581;0.1489600837;123.1414115188
45.7711172057;8.1831080839;0.3361278859;0.7099789025;2120.5746293794
64.7560397629;8.8023791346;0.9953850731;0.4143914385;4221.8137527277
95.4294101801;4.9298682506;0.8744332604;0.8222842987;9123.8667873257